1
0.0 4360
0.0 12944
3
0.0 4360
0.0 12944
63
0.0 4360
0.0 12944
124
0.0 4360
0.0 12944
182
0.0 4360
0.0 12944
242
0.0 4360
0.0 12944
298
0.0 4360
0.0 12944
359
0.0 4360
0.0 12944
419
0.0 4360
0.0 12944
476
0.0 4360
0.0 12944
532
0.0 4360
0.0 12944
589
0.0 4360
0.0 12944
648
0.0 4360
0.0 12944
703
0.0 4360
0.0 12944
762
0.0 4360
0.0 12944
821
0.0 4360
0.0 12944
879
0.0 4360
0.0 12944
925
0.0 4360
0.0 12944
982
0.0 4360
0.0 12944
1021
0.0 4360
0.0 12944
1021
0.0 4360
0.0 12944
1021
0.0 4360
0.0 12944
1021
0.0 4360
0.0 12944
1021
0.0 4360
0.0 12944
1021
0.0 4360
0.0 12944
1021
0.0 4360
0.0 12944
1021
0.0 4360
0.0 12944
1021
0.0 4360
0.0 12944
1021
0.0 4360
0.0 12944
1021
0.0 4360
0.0 12944
1021
0.0 4360
0.0 12944
1021
0.0 4360
0.0 12944
1021
0.0 4360
0.0 12944
1021
0.0 4360
0.0 12944
1021
0.0 4360
0.0 12944
1021
0.0 4360
0.0 12944
1021
0.0 4360
0.0 12944
1021
0.0 4360
0.0 12944
1021
0.0 4360
0.0 12944
1021
0.0 4360
0.0 12944
1021
0.0 4360
0.0 12944
1021
0.0 4360
0.0 12944
1021
0.0 4360
0.0 12944
1021
0.0 4360
0.0 12944
1021
0.0 4360
0.0 12944
1021
0.0 4360
0.0 12944
1021
0.0 4360
0.0 12944
1021
0.0 4360
0.0 12944
1021
0.0 4360
0.0 12944
1021
0.0 4360
0.0 12944
1021
0.0 4360
0.0 12944
1021
0.0 4360
0.0 12944
1021
0.0 4360
0.0 12944
1021
0.0 4360
0.0 12944
1021
0.0 4360
0.0 12944
1021
0.0 4360
0.0 12944
1021
0.0 4360
0.0 12944
1021
0.0 4360
0.0 12944
1021
0.0 4360
0.0 12944
1021
0.0 4360
0.0 12944
1021
0.0 4360
0.0 12944
1021
0.0 4360
0.0 12944
1021
0.0 4360
0.0 12944
1021
0.0 4360
0.0 12944
1021
0.0 4360
0.0 12944
